TEMPORAL
SEQUENTIAL
SECOND   rate_shape
1 0
2 2.58
3 8.61
4 14.0811428571429
5 14.0811428571429
6 14.0811428571429
7 14.0811428571429
8 14.0811428571429
9 14.0811428571429
10 14.0811428571429
11 14.0811428571429
12 14.0811428571429
13 14.0811428571429
14 14.0811428571429
15 14.0811428571429
16 14.0811428571429
17 14.0811428571429
18 14.0811428571429
19 14.0811428571429
20 14.0811428571429
21 14.0811428571429
22 14.0811428571429
23 14.0811428571429
24 14.0811428571429
25 14.0811428571429
26 14.0811428571429
27 14.0811428571429
28 14.0811428571429
29 14.0811428571429
30 14.0811428571429
31 14.0811428571429
32 14.0811428571429
33 14.0811428571429
34 14.0811428571429
35 14.0811428571429
36 14.0811428571429
37 14.0811428571429
38 14.0811428571429
39 14.0811428571429
40 14.0811428571429
41 14.0811428571429
42 14.0811428571429
43 14.0811428571429
44 14.0811428571429
45 14.0811428571429
46 14.0811428571429
47 14.0811428571429
48 14.0811428571429
49 14.0811428571429
50 14.0811428571429
51 14.0811428571429
52 14.0811428571429
53 14.0811428571429
54 14.0811428571429
55 14.0811428571429
56 14.0811428571429
57 14.0811428571429
58 14.0811428571429
59 14.0811428571429
60 14.0811428571429
61 14.0811428571429
62 14.0811428571429
63 14.0811428571429
64 14.0811428571429
65 14.0811428571429
66 14.0811428571429
67 14.0811428571429
68 14.0811428571429
69 14.0811428571429
70 14.0811428571429
71 14.0811428571429
72 14.0811428571429
73 14.0811428571429
74 14.0811428571429
75 14.0811428571429
76 14.0811428571429
77 14.0811428571429
78 14.0811428571429
79 14.0811428571429
80 14.0811428571429
81 14.0811428571429
82 14.0811428571429
83 14.0811428571429
84 14.0811428571429
85 14.0811428571429
86 14.0811428571429
87 14.0811428571429
88 14.0811428571429
89 14.0811428571429
90 14.0811428571429
91 14.0811428571429
92 14.0811428571429
93 14.0811428571429
94 14.0811428571429
95 14.0811428571429
96 14.0811428571429
97 14.0811428571429
98 14.0811428571429
99 14.0811428571429
100 14.0811428571429
101 14.0811428571429
102 14.0811428571429
103 14.0811428571429
104 14.0811428571429
105 14.0811428571429
106 14.0811428571429
107 14.0811428571429
108 14.0811428571429
109 14.0811428571429
110 14.0811428571429
111 14.0811428571429
112 14.0811428571429
113 14.0811428571429
114 14.0811428571429
115 14.0811428571429
116 14.0811428571429
117 14.0811428571429
118 14.0811428571429
119 14.0811428571429
120 14.0811428571429
121 14.0811428571429
122 14.0811428571429
123 14.0811428571429
124 14.0811428571429
125 14.0811428571429
126 14.0811428571429
127 14.0811428571429
128 14.0811428571429
129 14.0811428571429
130 14.0811428571429
131 14.0811428571429
132 14.0811428571429
133 14.0811428571429
134 14.0811428571429
135 14.0811428571429
136 14.0811428571429
137 14.0811428571429
138 14.0811428571429
139 14.0811428571429
140 14.0811428571429
141 14.0811428571429
142 14.0811428571429
143 14.0811428571429
144 14.0811428571429
145 14.0811428571429
146 14.0811428571429
147 14.0811428571429
148 14.0811428571429
149 14.0811428571429
150 14.0811428571429
151 14.0811428571429
152 14.0811428571429
153 14.0811428571429
154 14.0811428571429
155 14.0811428571429
156 14.0811428571429
157 14.0811428571429
158 14.0811428571429
159 14.0811428571429
160 14.0811428571429
161 14.0811428571429
162 14.0811428571429
163 14.0811428571429
164 14.0811428571429
165 14.0811428571429
166 14.0811428571429
167 14.0811428571429
168 14.0811428571429
169 14.0811428571429
170 14.0811428571429
171 14.0811428571429
172 14.0811428571429
173 14.0811428571429
174 14.0811428571429
175 14.0811428571429
176 14.0811428571429
177 14.0811428571429
178 14.0811428571429
179 14.0811428571429
180 14.0811428571429
181 14.0811428571429
182 14.0811428571429
183 14.0811428571429
184 14.0811428571429
185 14.0811428571429
186 14.0811428571429
187 14.0811428571429
188 14.0811428571429
189 14.0811428571429
190 14.0811428571429
191 14.0811428571429
192 14.0811428571429
193 14.0811428571429
194 14.0811428571429
195 14.0811428571429
196 14.0811428571429
197 14.0811428571429
198 14.0811428571429
199 14.0811428571429
200 14.0811428571429
201 14.0811428571429
202 14.0811428571429
203 14.0811428571429
204 14.0811428571429
205 14.0811428571429
206 14.0811428571429
207 14.0811428571429
208 14.0811428571429
209 14.0811428571429
210 14.0811428571429
211 14.0811428571429
212 14.0811428571429
213 14.0811428571429
214 14.0811428571429
215 14.0811428571429
216 14.0811428571429
217 14.0811428571429
218 14.0811428571429
219 14.0811428571429
220 14.0811428571429
221 14.0811428571429
222 14.0811428571429
223 14.0811428571429
224 14.0811428571429
225 14.0811428571429
226 14.0811428571429
227 14.0811428571429
228 14.0811428571429
229 14.0811428571429
230 14.0811428571429
231 14.0811428571429
232 14.0811428571429
233 14.0811428571429
234 14.0811428571429
235 14.0811428571429
236 14.0811428571429
237 14.0811428571429
238 14.0811428571429
239 14.0811428571429
240 14.0811428571429
241 14.0811428571429
242 14.0811428571429
243 14.0811428571429
244 14.0811428571429
245 14.0811428571429
246 14.0811428571429
247 14.0811428571429
248 14.0811428571429
249 14.0811428571429
250 14.0811428571429
251 14.0811428571429
252 14.0811428571429
253 14.0811428571429
254 14.0811428571429
255 14.0811428571429
256 14.0811428571429
257 14.0811428571429
258 14.0811428571429
259 14.0811428571429
260 14.0811428571429
261 14.0811428571429
262 14.0811428571429
263 14.0811428571429
264 14.0811428571429
265 14.0811428571429
266 14.0811428571429
267 14.0811428571429
268 14.0811428571429
269 14.0811428571429
270 14.0811428571429
271 14.0811428571429
272 14.0811428571429
273 14.0811428571429
274 14.0811428571429
275 14.0811428571429
276 14.0811428571429
277 14.0811428571429
278 14.0811428571429
279 14.0811428571429
280 14.0811428571429
281 14.0811428571429
282 14.0811428571429
283 14.0811428571429
284 14.0811428571429
285 14.0811428571429
286 14.0811428571429
287 14.0811428571429
288 14.0811428571429
289 14.0811428571429
290 14.0811428571429
291 14.0811428571429
292 14.0811428571429
293 14.0811428571429
294 14.0811428571429
295 14.0811428571429
296 14.0811428571429
297 14.0811428571429
298 14.0811428571429
299 14.0811428571429
300 14.0811428571429
301 14.0811428571429
302 14.0811428571429
303 14.0811428571429
304 14.0811428571429
305 14.0811428571429
306 14.0811428571429
307 14.0811428571429
308 14.0811428571429
309 14.0811428571429
310 14.0811428571429
311 14.0811428571429
312 14.0811428571429
313 14.0811428571429
314 14.0811428571429
315 14.0811428571429
316 14.0811428571429
317 14.0811428571429
318 14.0811428571429
319 14.0811428571429
320 14.0811428571429
321 14.0811428571429
322 14.0811428571429
323 14.0811428571429
324 14.0811428571429
325 14.0811428571429
326 14.0811428571429
327 14.0811428571429
328 14.0811428571429
329 14.0811428571429
330 14.0811428571429
331 14.0811428571429
332 14.0811428571429
333 14.0811428571429
334 14.0811428571429
335 14.0811428571429
336 14.0811428571429
337 14.0811428571429
338 14.0811428571429
339 14.0811428571429
340 14.0811428571429
341 14.0811428571429
342 14.0811428571429
343 14.0811428571429
344 14.0811428571429
345 14.0811428571429
346 14.0811428571429
347 14.0811428571429
348 14.0811428571429
349 14.0811428571429
350 14.0811428571429
351 14.0811428571429
352 14.0811428571429
353 14.0811428571429
354 14.0811428571429
355 14.0811428571429
356 14.0811428571429
357 14.0811428571429
358 14.0811428571429
359 14.0811428571429
360 14.0811428571429
361 14.0811428571429
362 14.0811428571429
363 14.0811428571429
364 14.0811428571429
365 14.0811428571429
366 14.0811428571429
367 14.0811428571429
368 14.0811428571429
369 14.0811428571429
370 14.0811428571429
371 14.0811428571429
372 14.0811428571429
373 14.0811428571429
374 14.0811428571429
375 14.0811428571429
376 14.0811428571429
377 14.0811428571429
378 14.0811428571429
379 14.0811428571429
380 14.0811428571429
381 14.0811428571429
382 14.0811428571429
383 14.0811428571429
384 14.0811428571429
385 14.0811428571429
386 14.0811428571429
387 14.0811428571429
388 14.0811428571429
389 14.0811428571429
390 14.0811428571429
391 14.0811428571429
392 14.0811428571429
393 14.0811428571429
394 14.0811428571429
395 14.0811428571429
396 14.0811428571429
397 14.0811428571429
398 14.0811428571429
399 14.0811428571429
400 14.0811428571429
401 14.0811428571429
402 14.0811428571429
403 14.0811428571429
404 14.0811428571429
405 14.0811428571429
406 14.0811428571429
407 14.0811428571429
408 14.0811428571429
409 14.0811428571429
410 14.0811428571429
411 14.0811428571429
412 14.0811428571429
413 14.0811428571429
414 14.0811428571429
415 14.0811428571429
416 14.0811428571429
417 14.0811428571429
418 14.0811428571429
419 14.0811428571429
420 14.0811428571429
421 14.0811428571429
422 14.0811428571429
423 14.0811428571429
424 14.0811428571429
425 14.0811428571429
426 14.0811428571429
427 14.0811428571429
428 14.0811428571429
429 14.0811428571429
430 14.0811428571429
431 14.0811428571429
432 14.0811428571429
433 14.0811428571429
434 14.0811428571429
435 14.0811428571429
436 14.0811428571429
437 14.0811428571429
438 14.0811428571429
439 14.0811428571429
440 14.0811428571429
441 14.0811428571429
442 14.0811428571429
443 14.0811428571429
444 14.0811428571429
445 14.0811428571429
446 14.0811428571429
447 14.0811428571429
448 14.0811428571429
449 14.0811428571429
450 14.0811428571429
451 14.0811428571429
452 14.0811428571429
453 14.0811428571429
454 14.0811428571429
455 14.0811428571429
456 14.0811428571429
457 14.0811428571429
458 14.0811428571429
459 14.0811428571429
460 14.0811428571429
461 14.0811428571429
462 14.0811428571429
463 14.0811428571429
464 14.0811428571429
465 14.0811428571429
466 14.0811428571429
467 14.0811428571429
468 14.0811428571429
469 14.0811428571429
470 14.0811428571429
471 14.0811428571429
472 14.0811428571429
473 14.0811428571429
474 14.0811428571429
475 14.0811428571429
476 14.0811428571429
477 14.0811428571429
478 14.0811428571429
479 14.0811428571429
480 14.0811428571429
481 14.0811428571429
482 14.0811428571429
483 14.0811428571429
484 14.0811428571429
485 14.0811428571429
486 14.0811428571429
487 14.0811428571429
488 14.0811428571429
489 14.0811428571429
490 14.0811428571429
491 14.0811428571429
492 14.0811428571429
493 14.0811428571429
494 14.0811428571429
495 14.0811428571429
496 14.0811428571429
497 14.0811428571429
498 14.0811428571429
499 14.0811428571429
500 14.0811428571429
501 14.0811428571429
502 14.0811428571429
503 14.0811428571429
504 14.0811428571429
505 14.0811428571429
506 14.0811428571429
507 14.0811428571429
508 14.0811428571429
509 14.0811428571429
510 14.0811428571429
511 14.0811428571429
512 14.0811428571429
513 14.0811428571429
514 14.0811428571429
515 14.0811428571429
516 14.0811428571429
517 14.0811428571429
518 14.0811428571429
519 14.0811428571429
520 14.0811428571429
521 14.0811428571429
522 14.0811428571429
523 14.0811428571429
524 14.0811428571429
525 14.0811428571429
526 14.0811428571429
527 14.0811428571429
528 14.0811428571429
529 14.0811428571429
530 14.0811428571429
531 14.0811428571429
532 14.0811428571429
533 14.0811428571429
534 14.0811428571429
535 14.0811428571429
536 14.0811428571429
537 14.0811428571429
538 14.0811428571429
539 14.0811428571429
540 14.0811428571429
541 14.0811428571429
542 14.0811428571429
543 14.0811428571429
544 14.0811428571429
545 14.0811428571429
546 14.0811428571429
547 14.0811428571429
548 14.0811428571429
549 14.0811428571429
550 14.0811428571429
551 14.0811428571429
552 14.0811428571429
553 14.0811428571429
554 14.0811428571429
555 14.0811428571429
556 14.0811428571429
557 14.0811428571429
558 14.0811428571429
559 14.0811428571429
560 14.0811428571429
561 14.0811428571429
562 14.0811428571429
563 14.0811428571429
564 14.0811428571429
565 14.0811428571429
566 14.0811428571429
567 14.0811428571429
568 14.0811428571429
569 14.0811428571429
570 14.0811428571429
571 14.0811428571429
572 14.0811428571429
573 14.0811428571429
574 14.0811428571429
575 14.0811428571429
576 14.0811428571429
577 14.0811428571429
578 14.0811428571429
579 14.0811428571429
580 14.0811428571429
581 14.0811428571429
582 14.0811428571429
583 14.0811428571429
584 14.0811428571429
585 14.0811428571429
586 14.0811428571429
587 14.0811428571429
588 14.0811428571429
589 14.0811428571429
590 14.0811428571429
591 14.0811428571429
592 14.0811428571429
593 14.0811428571429
594 14.0811428571429
595 14.0811428571429
596 14.0811428571429
597 14.0811428571429
598 14.0811428571429
599 14.0811428571429
600 14.0811428571429
601 14.0811428571429
602 14.0811428571429
603 14.0811428571429
604 14.0811428571429
605 14.0811428571429
606 14.0811428571429
607 14.0811428571429
608 14.0811428571429
609 14.0811428571429
610 14.0811428571429
611 14.0811428571429
612 14.0811428571429
613 14.0811428571429
614 14.0811428571429
615 14.0811428571429
616 14.0811428571429
617 14.0811428571429
618 14.0811428571429
619 14.0811428571429
620 14.0811428571429
621 14.0811428571429
622 14.0811428571429
623 14.0811428571429
624 14.0811428571429
625 14.0811428571429
626 14.0811428571429
627 14.0811428571429
628 14.0811428571429
629 14.0811428571429
630 14.0811428571429
631 14.0811428571429
632 14.0811428571429
633 14.0811428571429
634 14.0811428571429
635 14.0811428571429
636 14.0811428571429
637 14.0811428571429
638 14.0811428571429
639 14.0811428571429
640 14.0811428571429
641 14.0811428571429
642 14.0811428571429
643 14.0811428571429
644 14.0811428571429
645 14.0811428571429
646 14.0811428571429
647 14.0811428571429
648 14.0811428571429
649 14.0811428571429
650 14.0811428571429
651 14.0811428571429
652 14.0811428571429
653 14.0811428571429
654 14.0811428571429
655 14.0811428571429
656 14.0811428571429
657 14.0811428571429
658 14.0811428571429
659 14.0811428571429
660 14.0811428571429
661 14.0811428571429
662 14.0811428571429
663 14.0811428571429
664 14.0811428571429
665 14.0811428571429
666 14.0811428571429
667 14.0811428571429
668 14.0811428571429
669 14.0811428571429
670 14.0811428571429
671 14.0811428571429
672 14.0811428571429
673 14.0811428571429
674 14.0811428571429
675 14.0811428571429
676 14.0811428571429
677 14.0811428571429
678 14.0811428571429
679 14.0811428571429
680 14.0811428571429
681 14.0811428571429
682 14.0811428571429
683 14.0811428571429
684 14.0811428571429
685 14.0811428571429
686 14.0811428571429
687 14.0811428571429
688 14.0811428571429
689 14.0811428571429
690 14.0811428571429
691 14.0811428571429
692 14.0811428571429
693 14.0811428571429
694 14.0811428571429
695 12.66
696 11.89
697 10.66
698 7.61
699 2.73
700 0
